6000000 11.000000 0.31415926536808402291652662181727e1
6000000 11.000000 0.31415926536808402291652662181727e1
6000000 11.000000 0.31415926536808402291652662181727e1
6000000 11.000000 0.31415926536808402291652662181727e1
6000000 11.000000 0.31415926536808402291652662181727e1
10000000 18.000000 0.31415926536094707227529168862338e1
10000000 18.000000 0.31415926536094707227529168862338e1
10000000 18.000000 0.31415926536094707227529168862338e1
10000000 18.000000 0.31415926536094707227529168862338e1
10000000 18.000000 0.31415926536094707227529168862338e1
25000000 46.000000 0.3141592653589793238462627380209e1
25000000 46.000000 0.3141592653589793238462627380209e1
25000000 37.000000 0.3141592653589793238462627380209e1
25000000 33.000000 0.3141592653589793238462627380209e1
25000000 33.000000 0.3141592653589793238462627380209e1
50000000 67.000000 0.31415926535899507672237424834568e1
50000000 67.000000 0.31415926535899507672237424834568e1
50000000 67.000000 0.31415926535899507672237424834568e1
50000000 67.000000 0.31415926535899507672237424834568e1
50000000 67.000000 0.31415926535899507672237424834568e1
100000000 134.000000 0.314159265358979323846264313328e1
100000000 134.000000 0.314159265358979323846264313328e1
100000000 134.000000 0.314159265358979323846264313328e1
100000000 135.000000 0.314159265358979323846264313328e1
100000000 134.000000 0.314159265358979323846264313328e1
300000000 402.000000 0.31415926535897932384626433740192e1
300000000 402.000000 0.31415926535897932384626433740192e1
300000000 403.000000 0.31415926535897932384626433740192e1
300000000 403.000000 0.31415926535897932384626433740192e1
300000000 403.000000 0.31415926535897932384626433740192e1
750000000 1013.000000 0.31415926535897932851453634382784e1
750000000 1015.000000 0.31415926535897932851453634382784e1
750000000 1015.000000 0.31415926535897932851453634382784e1
750000000 1013.000000 0.31415926535897932851453634382784e1
750000000 1013.000000 0.31415926535897932851453634382784e1
1000000000 1354.000000 0.31415926535897932384626433830296e1
1000000000 1354.000000 0.31415926535897932384626433830296e1
1000000000 1351.000000 0.31415926535897932384626433830296e1
1000000000 1351.000000 0.31415926535897932384626433830296e1
1000000000 1354.000000 0.31415926535897932384626433830296e1
2500000000 3385.000000 0.31415926535897932384626433832652e1
2500000000 3399.000000 0.31415926535897932384626433832652e1
2500000000 3404.000000 0.31415926535897932384626433832652e1
2500000000 3412.000000 0.31415926535897932384626433832652e1
2500000000 3412.000000 0.31415926535897932384626433832652e1
5000000000 6808.000000 0.31415926535897932384626433832738e1
5000000000 6808.000000 0.31415926535897932384626433832738e1
5000000000 6826.000000 0.31415926535897932384626433832738e1
5000000000 6825.000000 0.31415926535897932384626433832738e1
5000000000 6809.000000 0.31415926535897932384626433832738e1
