100000 136.000000 0.31415926535897929884701432645313e1
100000 136.000000 0.31415926535897929884701432645313e1
100000 111.000000 0.31415926535897929884701432645313e1
100000 110.000000 0.31415926535897929884701432645313e1
100000 110.000000 0.31415926535897929884701432645313e1
150000 166.000000 0.31415926535897931643900507750483e1
150000 166.000000 0.31415926535897931643900507750483e1
150000 166.000000 0.31415926535897931643900507750483e1
150000 166.000000 0.31415926535897931643900507750483e1
150000 166.000000 0.31415926535897931643900507750483e1
200000 221.000000 0.31415926535897932072131121295663e1
200000 221.000000 0.31415926535897932072131121295663e1
200000 221.000000 0.31415926535897932072131121295663e1
200000 221.000000 0.31415926535897932072131121295663e1
200000 221.000000 0.31415926535897932072131121295663e1
500000 553.000000 0.31415926535897932364626553832381e1
500000 553.000000 0.31415926535897932364626553832381e1
500000 553.000000 0.31415926535897932364626553832381e1
500000 553.000000 0.31415926535897932364626553832381e1
500000 553.000000 0.31415926535897932364626553832381e1
1000000 1107.000000 0.3141592653589793238212644133278e1
1000000 1107.000000 0.3141592653589793238212644133278e1
1000000 1108.000000 0.3141592653589793238212644133278e1
1000000 1107.000000 0.3141592653589793238212644133278e1
1000000 1107.000000 0.3141592653589793238212644133278e1
2500000 2768.000000 0.31415926535897932384466434024903e1
2500000 2768.000000 0.31415926535897932384466434024903e1
2500000 2789.000000 0.31415926535897932384466434024903e1
2500000 2790.000000 0.31415926535897932384466434024903e1
2500000 2790.000000 0.31415926535897932384466434024903e1
5000000 5580.000000 0.3141592653589793238460643384495e1
5000000 5580.000000 0.3141592653589793238460643384495e1
5000000 5580.000000 0.3141592653589793238460643384495e1
5000000 5580.000000 0.3141592653589793238460643384495e1
5000000 5581.000000 0.3141592653589793238460643384495e1
10000000 11161.000000 0.31415926535897932384623933833408e1
10000000 11161.000000 0.31415926535897932384623933833408e1
10000000 11162.000000 0.31415926535897932384623933833408e1
10000000 11163.000000 0.31415926535897932384623933833408e1
10000000 11163.000000 0.31415926535897932384623933833408e1
25000000 27906.000000 0.31415926535897932384626273833029e1
25000000 27906.000000 0.31415926535897932384626273833029e1
25000000 27906.000000 0.31415926535897932384626273833029e1
25000000 27905.000000 0.31415926535897932384626273833029e1
25000000 27905.000000 0.31415926535897932384626273833029e1
50000000 55811.000000 0.31415926535897932384626413832963e1
50000000 55813.000000 0.31415926535897932384626413832963e1
50000000 55812.000000 0.31415926535897932384626413832963e1
50000000 55812.000000 0.31415926535897932384626413832963e1
50000000 55812.000000 0.31415926535897932384626413832963e1
