6000000 84.000000 0.31415926535897932384614859764511e1
6000000 89.000000 0.31415926535897932384614859764511e1
6000000 85.000000 0.31415926535897932384614859764511e1
6000000 89.000000 0.31415926535897932384614859764511e1
6000000 85.000000 0.31415926535897932384614859764511e1
10000000 141.000000 0.31415926535897932384623933833549e1
10000000 137.000000 0.31415926535897932384623933833549e1
10000000 158.000000 0.31415926535897932384623933833549e1
10000000 129.000000 0.31415926535897932384623933833549e1
10000000 128.000000 0.31415926535897932384623933833549e1
25000000 256.000000 0.31415926535897932384626273832826e1
25000000 245.000000 0.31415926535897932384626273832826e1
25000000 250.000000 0.31415926535897932384626273832826e1
25000000 246.000000 0.31415926535897932384626273832826e1
25000000 255.000000 0.31415926535897932384626273832826e1
50000000 635.000000 0.31415926535897932384626413832806e1
50000000 496.000000 0.31415926535897932384626413832806e1
50000000 491.000000 0.31415926535897932384626413832806e1
50000000 491.000000 0.31415926535897932384626413832806e1
50000000 495.000000 0.31415926535897932384626413832806e1
100000000 982.000000 0.31415926535897932384626431332812e1
100000000 982.000000 0.31415926535897932384626431332812e1
100000000 991.000000 0.31415926535897932384626431332812e1
100000000 983.000000 0.31415926535897932384626431332812e1
100000000 982.000000 0.31415926535897932384626431332812e1
300000000 2946.000000 0.31415926535897932384626433740226e1
300000000 2536.000000 0.31415926535897932384626433740226e1
300000000 1768.000000 0.31415926535897932384626433740226e1
300000000 1777.000000 0.31415926535897932384626433740226e1
300000000 1766.000000 0.31415926535897932384626433740226e1
750000000 4415.000000 0.31415926535897932384626433826897e1
750000000 4415.000000 0.31415926535897932384626433826897e1
750000000 4411.000000 0.31415926535897932384626433826897e1
750000000 4413.000000 0.31415926535897932384626433826897e1
750000000 4412.000000 0.31415926535897932384626433826897e1
1000000000 5884.000000 0.31415926535897932384626433830318e1
1000000000 6150.000000 0.31415926535897932384626433830318e1
1000000000 6238.000000 0.31415926535897932384626433830318e1
1000000000 6377.000000 0.31415926535897932384626433830318e1
1000000000 6344.000000 0.31415926535897932384626433830318e1
2500000000 15932.000000 0.31415926535897932384626433832615e1
2500000000 15917.000000 0.31415926535897932384626433832615e1
2500000000 15651.000000 0.31415926535897932384626433832615e1
2500000000 15919.000000 0.31415926535897932384626433832615e1
2500000000 15644.000000 0.31415926535897932384626433832615e1
5000000000 31807.000000 0.3141592653589793238462643383276e1
5000000000 31291.000000 0.3141592653589793238462643383276e1
5000000000 31352.000000 0.3141592653589793238462643383276e1
5000000000 31549.000000 0.3141592653589793238462643383276e1
5000000000 31289.000000 0.3141592653589793238462643383276e1
