100000 3.000000 0.31415926535897929884701432645313e1
100000 4.000000 0.31415926535897929884701432645313e1
100000 4.000000 0.31415926535897929884701432645313e1
100000 4.000000 0.31415926535897929884701432645313e1
100000 4.000000 0.31415926535897929884701432645313e1
500000 18.000000 0.31415926535897932364626553832381e1
500000 19.000000 0.31415926535897932364626553832381e1
500000 22.000000 0.31415926535897932364626553832381e1
500000 19.000000 0.31415926535897932364626553832381e1
500000 18.000000 0.31415926535897932364626553832381e1
1000000 36.000000 0.3141592653589793238212644133278e1
1000000 35.000000 0.3141592653589793238212644133278e1
1000000 35.000000 0.3141592653589793238212644133278e1
1000000 34.000000 0.3141592653589793238212644133278e1
1000000 34.000000 0.3141592653589793238212644133278e1
5000000 171.000000 0.3141592653589793238460643384495e1
5000000 173.000000 0.3141592653589793238460643384495e1
5000000 172.000000 0.3141592653589793238460643384495e1
5000000 183.000000 0.3141592653589793238460643384495e1
5000000 173.000000 0.3141592653589793238460643384495e1
10000000 341.000000 0.31415926535897932384623933833408e1
10000000 341.000000 0.31415926535897932384623933833408e1
10000000 340.000000 0.31415926535897932384623933833408e1
10000000 342.000000 0.31415926535897932384623933833408e1
10000000 341.000000 0.31415926535897932384623933833408e1
50000000 1695.000000 0.31415926535897932384626413832963e1
50000000 1681.000000 0.31415926535897932384626413832963e1
50000000 1702.000000 0.31415926535897932384626413832963e1
50000000 1730.000000 0.31415926535897932384626413832963e1
50000000 1677.000000 0.31415926535897932384626413832963e1
100000000 3381.000000 0.31415926535897932384626431333472e1
100000000 3362.000000 0.31415926535897932384626431333472e1
100000000 3358.000000 0.31415926535897932384626431333472e1
100000000 3361.000000 0.31415926535897932384626431333472e1
100000000 3344.000000 0.31415926535897932384626431333472e1
250000000 8415.000000 0.3141592653589793238462643367274e1
250000000 8364.000000 0.3141592653589793238462643367274e1
250000000 8380.000000 0.3141592653589793238462643367274e1
250000000 8368.000000 0.3141592653589793238462643367274e1
250000000 8390.000000 0.3141592653589793238462643367274e1
400000000 13384.000000 0.31415926535897932384626433793768e1
400000000 13427.000000 0.31415926535897932384626433793768e1
400000000 13372.000000 0.31415926535897932384626433793768e1
400000000 13370.000000 0.31415926535897932384626433793768e1
400000000 13430.000000 0.31415926535897932384626433793768e1
500000000 16714.000000 0.31415926535897932384626433812878e1
500000000 16846.000000 0.31415926535897932384626433812878e1
500000000 16711.000000 0.31415926535897932384626433812878e1
500000000 16708.000000 0.31415926535897932384626433812878e1
500000000 16737.000000 0.31415926535897932384626433812878e1
