6000000 85.000000 0.31415926535897932384614859764513e1
6000000 85.000000 0.31415926535897932384614859764513e1
6000000 85.000000 0.31415926535897932384614859764513e1
6000000 85.000000 0.31415926535897932384614859764513e1
6000000 85.000000 0.31415926535897932384614859764513e1
10000000 143.000000 0.31415926535897932384623933833559e1
10000000 143.000000 0.31415926535897932384623933833559e1
10000000 143.000000 0.31415926535897932384623933833559e1
10000000 142.000000 0.31415926535897932384623933833559e1
10000000 142.000000 0.31415926535897932384623933833559e1
25000000 356.000000 0.31415926535897932384626273832824e1
25000000 357.000000 0.31415926535897932384626273832824e1
25000000 357.000000 0.31415926535897932384626273832824e1
25000000 357.000000 0.31415926535897932384626273832824e1
25000000 365.000000 0.31415926535897932384626273832824e1
50000000 714.000000 0.31415926535897932384626413832813e1
50000000 717.000000 0.31415926535897932384626413832813e1
50000000 716.000000 0.31415926535897932384626413832813e1
50000000 712.000000 0.31415926535897932384626413832813e1
50000000 713.000000 0.31415926535897932384626413832813e1
100000000 1428.000000 0.31415926535897932384626431332809e1
100000000 1431.000000 0.31415926535897932384626431332809e1
100000000 1426.000000 0.31415926535897932384626431332809e1
100000000 1426.000000 0.31415926535897932384626431332809e1
100000000 1439.000000 0.31415926535897932384626431332809e1
300000000 5178.000000 0.31415926535897932384626433740248e1
300000000 4398.000000 0.31415926535897932384626433740248e1
300000000 4288.000000 0.31415926535897932384626433740248e1
300000000 4009.000000 0.31415926535897932384626433740248e1
300000000 2567.000000 0.31415926535897932384626433740248e1
750000000 6412.000000 0.31415926535897932384626433826854e1
750000000 6416.000000 0.31415926535897932384626433826854e1
750000000 6412.000000 0.31415926535897932384626433826854e1
750000000 6416.000000 0.31415926535897932384626433826854e1
750000000 6414.000000 0.31415926535897932384626433826854e1
1000000000 8562.000000 0.31415926535897932384626433830259e1
1000000000 8555.000000 0.31415926535897932384626433830259e1
1000000000 8549.000000 0.31415926535897932384626433830259e1
1000000000 8551.000000 0.31415926535897932384626433830259e1
1000000000 8552.000000 0.31415926535897932384626433830259e1
2500000000 21376.000000 0.3141592653589793238462643383262e1
2500000000 21380.000000 0.3141592653589793238462643383262e1
2500000000 21377.000000 0.3141592653589793238462643383262e1
2500000000 21381.000000 0.3141592653589793238462643383262e1
2500000000 21396.000000 0.3141592653589793238462643383262e1
5000000000 42813.000000 0.31415926535897932384626433832758e1
5000000000 42761.000000 0.31415926535897932384626433832758e1
5000000000 42755.000000 0.31415926535897932384626433832758e1
5000000000 42765.000000 0.31415926535897932384626433832758e1
5000000000 42756.000000 0.31415926535897932384626433832758e1
