100000 3.000000 0.31415926535897929884701432645313e1
100000 3.000000 0.31415926535897929884701432645313e1
100000 3.000000 0.31415926535897929884701432645313e1
100000 3.000000 0.31415926535897929884701432645313e1
100000 3.000000 0.31415926535897929884701432645313e1
500000 16.000000 0.31415926535897932364626553832381e1
500000 16.000000 0.31415926535897932364626553832381e1
500000 16.000000 0.31415926535897932364626553832381e1
500000 16.000000 0.31415926535897932364626553832381e1
500000 16.000000 0.31415926535897932364626553832381e1
1000000 33.000000 0.3141592653589793238212644133278e1
1000000 33.000000 0.3141592653589793238212644133278e1
1000000 33.000000 0.3141592653589793238212644133278e1
1000000 33.000000 0.3141592653589793238212644133278e1
1000000 33.000000 0.3141592653589793238212644133278e1
5000000 165.000000 0.3141592653589793238460643384495e1
5000000 165.000000 0.3141592653589793238460643384495e1
5000000 165.000000 0.3141592653589793238460643384495e1
5000000 165.000000 0.3141592653589793238460643384495e1
5000000 165.000000 0.3141592653589793238460643384495e1
10000000 332.000000 0.31415926535897932384623933833408e1
10000000 332.000000 0.31415926535897932384623933833408e1
10000000 331.000000 0.31415926535897932384623933833408e1
10000000 331.000000 0.31415926535897932384623933833408e1
10000000 331.000000 0.31415926535897932384623933833408e1
50000000 1661.000000 0.31415926535897932384626413832963e1
50000000 1659.000000 0.31415926535897932384626413832963e1
50000000 1659.000000 0.31415926535897932384626413832963e1
50000000 1658.000000 0.31415926535897932384626413832963e1
50000000 1658.000000 0.31415926535897932384626413832963e1
100000000 3328.000000 0.31415926535897932384626431333472e1
100000000 3317.000000 0.31415926535897932384626431333472e1
100000000 3325.000000 0.31415926535897932384626431333472e1
100000000 3318.000000 0.31415926535897932384626431333472e1
100000000 3322.000000 0.31415926535897932384626431333472e1
250000000 8300.000000 0.3141592653589793238462643367274e1
250000000 8304.000000 0.3141592653589793238462643367274e1
250000000 8306.000000 0.3141592653589793238462643367274e1
250000000 8309.000000 0.3141592653589793238462643367274e1
250000000 8310.000000 0.3141592653589793238462643367274e1
400000000 13308.000000 0.31415926535897932384626433793768e1
400000000 13304.000000 0.31415926535897932384626433793768e1
400000000 13298.000000 0.31415926535897932384626433793768e1
400000000 13292.000000 0.31415926535897932384626433793768e1
400000000 13310.000000 0.31415926535897932384626433793768e1
500000000 16630.000000 0.31415926535897932384626433812878e1
500000000 16628.000000 0.31415926535897932384626433812878e1
500000000 16633.000000 0.31415926535897932384626433812878e1
500000000 16643.000000 0.31415926535897932384626433812878e1
500000000 16634.000000 0.31415926535897932384626433812878e1
